record	longitude	latitude
1	-107.8679414	36.00912709
2	-111.412	36.0426
3	-112	36.06
4	-107.9578631	36.06731581
5	-107.78	36.076
6	-109.53	36.1
7	-109.538889	36.148889
8	-109.5526	36.1544
9	-109.50833	36.15528
10	-111.836893	36.157246
11	-111.83689	36.15725
12	-111.8365	36.1651
13	-109.466667	36.166667
14	-111.175679	36.186261
15	-111.803016	36.191441
16	-107.5613889	36.2061111
17	-111.8838	36.263
18	-111.905556	36.275
19	-111.8891	36.284883
20	-108.4244444	36.3144444
21	-110.832076	36.332552
22	-111.856361	36.503528
23	-111.856389	36.503611
24	-108.4666667	36.5833333
25	-108.96912	36.59214
26	-111.088	36.6
27	-111.654	36.6069
28	-111.65361	36.62861
29	-110.7603	36.6514
30	-111.152175	36.651827
31	-111.6165	36.6667
32	-111.25508	36.66921
33	-110.45164	36.67085
34	-111.7419444	36.6738889
35	-111.74111	36.67389
36	-111.7418	36.6739
37	-110.55	36.675
38	-107.5571	36.682
39	-111.8295	36.6943
40	-111.781559	36.695521
41	-109.715738	36.718026
42	-109.768	36.7216
43	-110.25629	36.72449
44	-111.45806	36.72722
45	-108.22939	36.7276
46	-111.904417	36.734811
47	-107.9969513	36.7402281
48	-111.7765	36.745613
49	-111.7189	36.75339
50	-111.742151	36.759047
51	-111.704	36.7666
52	-108.4489	36.774
53	-111.748191	36.785738
54	-111.6838	36.7903
55	-111.731526	36.792846
56	-111.73153	36.79285
57	-111.744197	36.797959
58	-109.547223	36.799433
59	-111.675577	36.807266
60	-111.65	36.81
61	-111.717395	36.822618
62	-108.0001333	36.8321
63	-109.133	36.833
64	-110.2	36.833333
65	-111.679771	36.838992
66	-111.395835	36.84706
67	-111.740347	36.860273
68	-111.62989	36.864173
69	-111.5842	36.8662
70	-111.776656	36.868714
71	-111.59	36.87
72	-111.608806	36.879238
73	-111.741626	36.889364
74	-110.2337	36.9001
75	-110.2494444	36.9019444
76	-110.2242	36.9264
77	-109.6379	36.9669
78	-111.875604	36.968237
79	-110.7783333	36.9813889
80	-107.5991667	36.9911111
81	-110.891667	36.991667
82	-111.783017	36.991765
83	-109.57222	36.9925
84	-108.1191667	37.0047222
85	-111.841833	37.131
86	-111.956182	37.132076
87	-107.8952778	37.135
88	-107.544	37.14144
89	-109.8833333	37.1516667
90	-109.865556	37.165
91	-109.575	37.185
92	-109.915833	37.204167
93	-108.64044	37.23264
94	-109.63333	37.25
95	-109.650003	37.266669
96	-109.647167	37.269333
97	-109.645722	37.269694
98	-109.642806	37.273
99	-111.01441	37.27429
100	-108.66594	37.31613
101	-109.51666	37.31666
102	-108.21703	37.33517
103	-108.585926	37.348883
104	-107.66	37.382
105	-108.4808333	37.39944444
106	-110.7028	37.4613
107	-110.7183333	37.6038889
108	-110.112	37.634
109	-110.1611111	37.6530556
110	-111.4383333	37.7283333
111	-108.8702778	37.7383333
112	-111.6864	37.8219
113	-110.5	37.8333333
114	-110.993333	37.843333
115	-111.631666	37.879444
116	-108.9686111	37.88055556
117	-108.8375	38.0459
118	-110.1102778	38.0547222
119	-109.6005556	38.0691667
120	-111.0775	38.13305
121	-110.63232	38.19734
122	-111.333	38.25
123	-111.465	38.2533333
124	-110.1372222	38.29
125	-110.6663779	38.3013742
126	-109.44	38.3183333
127	-111.3705556	38.3244444
128	-108.45052	38.34234
129	-110.6133333	38.3783333
130	-107.88395	38.39398333
131	-109.7688889	38.4358333
132	-109.3736111	38.4552778
133	-107.782	38.4789
134	-109.6666667	38.5
135	-109.625	38.5722222
136	-110.7225	38.578333
137	-109.67	38.58
138	-109.5816667	38.6047222
139	-110.665725	38.630725
140	-108.331268	38.669485
141	-111.0002778	38.6791667
142	-108.326315	38.6856047
143	-108.992078	38.706645
144	-109.6216667	38.72
145	-107.663412	38.729314
146	-108.308281	38.761469
147	-107.934222	38.784389
148	-111.102417	38.800861
149	-109.6133333	38.8033333
150	-110.6766667	38.8233333
151	-111.31	38.825
152	-109.708722	38.871778
153	-109.3083333	38.8783333
154	-108.4068	38.879
155	-110.442222	38.881944
156	-110.164166	38.891944
157	-108.371728	38.907733
158	-110.374305	38.90842
159	-108.48501	38.93876
160	-110.335	38.95
161	-110.18972	38.95027
162	-110.189722	38.950278
163	-108.45472	38.97639
164	-108.67361	38.98056
165	-110.3572	38.9844
166	-110.255	38.9852778
167	-110.1083333	38.9916667
168	-108.257	38.9958
169	-110.2745631	39.0199493
170	-110.737917	39.034058
171	-110.672777	39.039166
172	-110.675277	39.053888
173	-108.57863	39.05545
174	-108.69917	39.05972
175	-108.55	39.06389
176	-108.92038	39.10955
177	-108.569913	39.121979
178	-108.7666	39.12533
179	-108.73598	39.13287
180	-110.836666	39.141944
181	-109.05	39.1667
182	-108.1699	39.1925
183	-110.34241	39.19589
184	-108.2191	39.1966
185	-110.781111	39.211388
186	-110.86527	39.2125
187	-109.0411	39.2159
188	-108.1588	39.2257
189	-110.794444	39.235
190	-108.1702	39.2448
191	-108.8	39.25
192	-110.29444	39.25111
193	-110.294444	39.251111
194	-110.268888	39.251388
195	-108.2002	39.2728
196	-108.1734	39.314
197	-108.1232	39.32
198	-108.213545	39.332647
199	-108.0809	39.3377
200	-108.213	39.3417
201	-110.974658	39.392003
202	-108.1341	39.3984
203	-108.275866	39.424199
204	-110.4475	39.4311111
205	-110.43	39.4366667
206	-110.5235767	39.5061295
207	-107.928	39.5213
208	-108.92397	39.54578
209	-107.6023	39.5497
210	-109.3283333	39.685
211	-109.3666667	39.6883333
212	-109.9036111	39.8425
213	-109.2166667	39.8572222
214	-108.0395	39.9933